Breakout-11
      Date,      Time,   Battery,  Fix,       Latitude,      Longitude,    Dp>0.3,    Dp>0.5,    Dp>1.0,    Dp>2.5,    Dp>5.0,   Dp>10.0,   PM1_Std, PM2.5_Std,  PM10_Std,   PM1_Env, PM2.5_Env,  PM10_Env
    80/1/6,    0:0:27,  3.985000,    0,       0.000000,       0.000000,        33,        11,         3,         3,         3,         3,         0,         0,         1,         0,         0,         1
    80/1/6,    0:0:37,  3.988750,    0,       0.000000,       0.000000,         0,         0,         0,         0,         0,         0,         0,         0,         0,         0,         0,         0
2020/12/21,  14:16:34,  3.996250,    0,       0.000000,       0.000000,        36,        12,         0,         0,         0,         0,         0,         0,         0,         0,         0,         0
2020/12/21,  14:16:44,  3.997500,    0,       0.000000,       0.000000,        27,         9,         0,         0,         0,         0,         0,         0,         0,         0,         0,         0
2020/12/21,   14:17:3,  4.001250,    0,       0.000000,       0.000000,         9,         3,         0,         0,         0,         0,         0,         0,         0,         0,         0,         0
2020/12/21,  14:17:13,  4.001250,    0,       0.000000,       0.000000,         9,         3,         0,         0,         0,         0,         0,         0,         0,         0,         0,         0
2020/12/21,  14:17:33,  4.003750,    0,       0.000000,       0.000000,        45,        15,         0,         0,         0,         0,         0,         0,         0,         0,         0,         0
2020/12/21,  14:17:43,  4.005000,    0,       0.000000,       0.000000,         0,         0,         0,         0,         0,         0,         0,         0,         0,         0,         0,         0
2020/12/21,   14:18:3,  4.006250,    0,       0.000000,       0.000000,       924,       296,         0,         0,         0,         0,         4,         4,         4,         4,         4,         4
2020/12/21,  14:18:13,  4.007500,    0,       0.000000,       0.000000,      1185,       391,         7,         0,         0,         0,         6,         6,         6,         6,         6,         6
2020/12/21,  14:18:33,  4.008750,    0,       0.000000,       0.000000,       570,       190,         3,         3,         0,         0,         2,         2,         3,         2,         2,         3
2020/12/21,  14:18:43,  4.010000,    0,       0.000000,       0.000000,       333,       111,         0,         0,         0,         0,         0,         0,         0,         0,         0,         0
2020/12/21,   14:19:3,  4.011250,    0,       0.000000,       0.000000,       183,        61,         0,         0,         0,         0,         0,         0,         0,         0,         0,         0
2020/12/21,  14:19:13,  4.011250,    0,       0.000000,       0.000000,       138,        46,         0,         0,         0,         0,         0,         0,         0,         0,         0,         0
2020/12/21,  14:19:33,  4.012500,    0,       0.000000,       0.000000,        36,        12,         0,         0,         0,         0,         0,         0,         0,         0,         0,         0
2020/12/21,  14:19:43,  4.013750,    0,       0.000000,       0.000000,        27,         9,         0,         0,         0,         0,         0,         0,         0,         0,         0,         0
2020/12/21,   14:20:3,  4.013750,    0,       0.000000,       0.000000,        48,         9,         0,         0,         0,         0,         0,         0,         0,         0,         0,         0
2020/12/21,  14:20:13,  4.013750,    0,       0.000000,       0.000000,         9,         3,         3,         3,         3,         0,         0,         0,         1,         0,         0,         1
    80/1/6,    0:0:28,  4.020000,    0,       0.000000,       0.000000,        81,        24,         0,         0,         0,         0,         0,         0,         0,         0,         0,         0
    80/1/6,    0:0:38,  4.021250,    0,       0.000000,       0.000000,        36,         9,         0,         0,         0,         0,         0,         0,         0,         0,         0,         0
    80/1/6,    0:0:48,  4.021250,    0,       0.000000,       0.000000,        30,        10,         0,         0,         0,         0,         0,         0,         0,         0,         0,         0
    80/1/6,    0:1:15,  4.021250,    0,       0.000000,       0.000000,        60,        20,         3,         0,         0,         0,         0,         0,         0,         0,         0,         0
    80/1/6,    0:1:18,  4.022500,    0,       0.000000,       0.000000,         0,         0,         0,         0,         0,         0,         0,         0,         0,         0,         0,         0
    80/1/6,    0:1:45,  4.023750,    0,       0.000000,       0.000000,        21,         7,         0,         0,         0,         0,         0,         0,         0,         0,         0,         0
    80/1/6,    0:1:48,  4.023750,    0,       0.000000,       0.000000,         0,         0,         0,         0,         0,         0,         0,         0,         0,         0,         0,         0
    80/1/6,    0:2:15,  4.023750,    0,       0.000000,       0.000000,         0,         0,         0,         0,         0,         0,         0,         0,         0,         0,         0,         0
    80/1/6,    0:2:18,  4.025000,    0,       0.000000,       0.000000,        18,         6,         0,         0,         0,         0,         0,         0,         0,         0,         0,         0
    80/1/6,    0:2:45,  4.026250,    0,       0.000000,       0.000000,         9,         3,         0,         0,         0,         0,         0,         0,         0,         0,         0,         0
    80/1/6,    0:2:48,  4.026250,    0,       0.000000,       0.000000,        18,         6,         0,         0,         0,         0,         0,         0,         0,         0,         0,         0
    80/1/6,    0:3:15,  4.026250,    0,       0.000000,       0.000000,        18,         6,         3,         3,         0,         0,         0,         0,         0,         0,         0,         0
    80/1/6,    0:3:18,  4.027500,    0,       0.000000,       0.000000,         0,         0,         0,         0,         0,         0,         0,         0,         0,         0,         0,         0
    80/1/6,    0:3:45,  4.028750,    0,       0.000000,       0.000000,         0,         0,         0,         0,         0,         0,         0,         0,         0,         0,         0,         0
    80/1/6,    0:3:48,  4.028750,    0,       0.000000,       0.000000,         0,         0,         0,         0,         0,         0,         0,         0,         0,         0,         0,         0
    80/1/6,    0:4:15,  4.028750,    0,       0.000000,       0.000000,        21,         7,         0,         0,         0,         0,         0,         0,         0,         0,         0,         0
    80/1/6,    0:4:18,  4.031250,    0,       0.000000,       0.000000,        21,         7,         0,         0,         0,         0,         0,         0,         0,         0,         0,         0
    80/1/6,    0:4:45,  4.031250,    0,       0.000000,       0.000000,        33,        11,         0,         0,         0,         0,         0,         0,         0,         0,         0,         0
    80/1/6,    0:4:48,  4.031250,    0,       0.000000,       0.000000,         0,         0,         0,         0,         0,         0,         0,         0,         0,         0,         0,         0
    80/1/6,    0:5:15,  4.032500,    0,       0.000000,       0.000000,        18,         6,         0,         0,         0,         0,         0,         0,         0,         0,         0,         0
    80/1/6,    0:5:18,  4.033750,    0,       0.000000,       0.000000,         9,         3,         0,         0,         0,         0,         0,         0,         0,         0,         0,         0
    80/1/6,    0:5:45,  4.033750,    0,       0.000000,       0.000000,         9,         3,         0,         0,         0,         0,         0,         0,         0,         0,         0,         0
    80/1/6,    0:5:48,  4.033750,    0,       0.000000,       0.000000,         0,         0,         0,         0,         0,         0,         0,         0,         0,         0,         0,         0
    80/1/6,    0:6:15,  4.035000,    0,       0.000000,       0.000000,         9,         3,         0,         0,         0,         0,         0,         0,         0,         0,         0,         0
    80/1/6,    0:6:18,  4.036250,    0,       0.000000,       0.000000,        30,         7,         0,         0,         0,         0,         0,         0,         0,         0,         0,         0
    80/1/6,    0:6:45,  4.036250,    0,       0.000000,       0.000000,        54,        18,         0,         0,         0,         0,         0,         0,         0,         0,         0,         0
    80/1/6,    0:6:48,  4.037500,    0,       0.000000,       0.000000,        39,        13,         0,         0,         0,         0,         0,         0,         0,         0,         0,         0
    80/1/6,    0:7:15,  4.038750,    0,       0.000000,       0.000000,        18,         3,         0,         0,         0,         0,         0,         0,         0,         0,         0,         0
    80/1/6,    0:7:18,  4.038750,    0,       0.000000,       0.000000,       126,        38,         0,         0,         0,         0,         0,         0,         0,         0,         0,         0
    80/1/6,    0:7:45,  4.038750,    0,       0.000000,       0.000000,       171,        50,         0,         0,         0,         0,         0,         0,         0,         0,         0,         0
    80/1/6,    0:7:48,  4.040000,    0,       0.000000,       0.000000,       237,        79,         0,         0,         0,         0,         0,         0,         0,         0,         0,         0
    80/1/6,    0:8:15,  4.041250,    0,       0.000000,       0.000000,       237,        79,         0,         0,         0,         0,         0,         0,         0,         0,         0,         0
    80/1/6,    0:8:18,  4.041250,    0,       0.000000,       0.000000,       309,        99,         0,         0,         0,         0,         0,         0,         0,         0,         0,         0
    80/1/6,    0:8:45,  4.042500,    0,       0.000000,       0.000000,       522,       170,         0,         0,         0,         0,         2,         2,         2,         2,         2,         2
    80/1/6,    0:8:48,  4.043750,    0,       0.000000,       0.000000,       819,       273,         0,         0,         0,         0,         3,         3,         3,         3,         3,         3
    80/1/6,    0:9:15,  4.043750,    0,       0.000000,       0.000000,      1137,       379,         0,         0,         0,         0,         6,         6,         6,         6,         6,         6
    80/1/6,    0:9:18,  4.045000,    0,       0.000000,       0.000000,      2523,       837,         0,         0,         0,         0,        16,        16,        16,        16,        16,        16
    80/1/6,    0:9:45,  4.046250,    0,       0.000000,       0.000000,      4767,      1578,         0,         0,         0,         0,        33,        33,        33,        27,        32,        33
    80/1/6,    0:9:48,  4.046250,    0,       0.000000,       0.000000,     16752,      5247,         6,         0,         0,         0,        99,        99,        99,        65,        65,        72
    80/1/6,   0:10:15,  4.046250,    0,       0.000000,       0.000000,      9687,      2982,         0,         0,         0,         0,        55,        55,        55,        36,        43,        51
    80/1/6,   0:10:18,  4.048750,    0,       0.000000,       0.000000,      1722,       513,         0,         0,         0,         0,         7,         7,         7,         7,         7,         7
    80/1/6,   0:10:45,  4.048750,    0,       0.000000,       0.000000,      4104,      1283,         0,         0,         0,         0,        23,        23,        23,        21,        23,        23
    80/1/6,   0:10:48,  4.048750,    0,       0.000000,       0.000000,      2757,       876,         6,         3,         3,         3,        15,        15,        18,        15,        15,        18
    80/1/6,   0:11:15,  4.050000,    0,       0.000000,       0.000000,      1110,       358,         6,         3,         3,         3,         5,         5,         7,         5,         5,         7
    80/1/6,   0:11:18,  4.051250,    0,       0.000000,       0.000000,      6507,      2046,         0,         0,         0,         0,        38,        38,        38,        29,        34,        38
    80/1/6,   0:11:45,  4.051250,    0,       0.000000,       0.000000,      5730,      1761,         0,         0,         0,         0,        32,        32,        32,        26,        31,        32
    80/1/6,   0:11:48,  4.053750,    0,       0.000000,       0.000000,      2733,       848,         0,         0,         0,         0,        15,        15,        15,        15,        15,        15
    80/1/6,   0:12:15,  4.053750,    0,       0.000000,       0.000000,      2133,       655,         0,         0,         0,         0,        11,        11,        11,        11,        11,        11
    80/1/6,   0:12:18,  4.053750,    0,       0.000000,       0.000000,      1614,       499,         0,         0,         0,         0,         8,         8,         8,         8,         8,         8
    80/1/6,   0:12:45,  4.055000,    0,       0.000000,       0.000000,      1788,       544,         0,         0,         0,         0,         8,         8,         8,         8,         8,         8
    80/1/6,   0:12:48,  4.056250,    0,       0.000000,       0.000000,      1674,       518,         0,         0,         0,         0,         8,         8,         8,         8,         8,         8
    80/1/6,   0:13:15,  4.056250,    0,       0.000000,       0.000000,      1770,       550,         3,         3,         3,         0,         8,         8,        10,         8,         8,        10
    80/1/6,   0:13:18,  4.058750,    0,       0.000000,       0.000000,      1227,       378,         0,         0,         0,         0,         6,         6,         6,         6,         6,         6
    80/1/6,   0:13:45,  4.058750,    0,       0.000000,       0.000000,       951,       286,         0,         0,         0,         0,         4,         4,         4,         4,         4,         4
    80/1/6,   0:13:48,  4.060000,    0,       0.000000,       0.000000,       306,        90,         0,         0,         0,         0,         0,         0,         0,         0,         0,         0
    80/1/6,   0:14:15,  4.061250,    0,       0.000000,       0.000000,       177,        59,         0,         0,         0,         0,         0,         0,         0,         0,         0,         0
    80/1/6,   0:14:18,  4.061250,    0,       0.000000,       0.000000,        72,        24,         0,         0,         0,         0,         0,         0,         0,         0,         0,         0
    80/1/6,   0:14:45,  4.061250,    0,       0.000000,       0.000000,         0,         0,         0,         0,         0,         0,         0,         0,         0,         0,         0,         0
    80/1/6,   0:14:48,  4.063750,    0,       0.000000,       0.000000,        36,        12,         0,         0,         0,         0,         0,         0,         0,         0,         0,         0
    80/1/6,   0:15:15,  4.063750,    0,       0.000000,       0.000000,        27,         9,         0,         0,         0,         0,         0,         0,         0,         0,         0,         0
    80/1/6,   0:15:18,  4.065000,    0,       0.000000,       0.000000,         0,         0,         0,         0,         0,         0,         0,         0,         0,         0,         0,         0
    80/1/6,   0:15:45,  4.066250,    0,       0.000000,       0.000000,         0,         0,         0,         0,         0,         0,         0,         0,         0,         0,         0,         0
    80/1/6,   0:15:48,  4.066250,    0,       0.000000,       0.000000,        36,         9,         0,         0,         0,         0,         0,         0,         0,         0,         0,         0
    80/1/6,   0:16:15,  4.067500,    0,       0.000000,       0.000000,        39,        10,         0,         0,         0,         0,         0,         0,         0,         0,         0,         0
    80/1/6,   0:16:18,  4.068750,    0,       0.000000,       0.000000,         0,         0,         0,         0,         0,         0,         0,         0,         0,         0,         0,         0
    80/1/6,   0:16:45,  4.068750,    0,       0.000000,       0.000000,         0,         0,         0,         0,         0,         0,         0,         0,         0,         0,         0,         0
    80/1/6,   0:16:48,  4.071250,    0,       0.000000,       0.000000,        51,        17,         0,         0,         0,         0,         0,         0,         0,         0,         0,         0
    80/1/6,   0:17:15,  4.071250,    0,       0.000000,       0.000000,        66,        22,         3,         0,         0,         0,         0,         0,         0,         0,         0,         0
    80/1/6,    0:0:28,  4.116250,    0,       0.000000,       0.000000,         9,         3,         0,         0,         0,         0,         0,         0,         0,         0,         0,         0
    80/1/6,    0:0:38,  4.117500,    0,       0.000000,       0.000000,         0,         0,         0,         0,         0,         0,         0,         0,         0,         0,         0,         0
    80/1/6,    0:0:45,  4.117500,    0,       0.000000,       0.000000,         9,         3,         0,         0,         0,         0,         0,         0,         0,         0,         0,         0
2020/12/21,  14:58:40,  4.117500,    0,       0.000000,       0.000000,         0,         0,         0,         0,         0,         0,         0,         0,         0,         0,         0,         0
2020/12/21,   14:59:0,  4.117500,    0,       0.000000,       0.000000,        18,         6,         0,         0,         0,         0,         0,         0,         0,         0,         0,         0
2020/12/21,  14:59:10,  4.117500,    0,       0.000000,       0.000000,        18,         6,         0,         0,         0,         0,         0,         0,         0,         0,         0,         0
2020/12/21,  14:59:30,  4.117500,    0,       0.000000,       0.000000,        21,         7,         0,         0,         0,         0,         0,         0,         0,         0,         0,         0
2020/12/21,  14:59:43,  4.117500,    0,       0.000000,       0.000000,         0,         0,         0,         0,         0,         0,         0,         0,         0,         0,         0,         0
2020/12/21,    15:0:1,  4.117500,    0,       0.000000,       0.000000,         9,         3,         0,         0,         0,         0,         0,         0,         0,         0,         0,         0
2020/12/21,   15:0:11,  4.117500,    0,       0.000000,       0.000000,         0,         0,         0,         0,         0,         0,         0,         0,         0,         0,         0,         0
2020/12/21,   15:0:30,  4.117500,    0,       0.000000,       0.000000,         0,         0,         0,         0,         0,         0,         0,         0,         0,         0,         0,         0
2020/12/21,   15:0:40,  4.117500,    0,       0.000000,       0.000000,         9,         3,         0,         0,         0,         0,         0,         0,         0,         0,         0,         0
2020/12/21,    15:1:0,  4.117500,    0,       0.000000,       0.000000,        66,        18,         0,         0,         0,         0,         0,         0,         0,         0,         0,         0
2020/12/21,   15:1:10,  4.117500,    0,       0.000000,       0.000000,         9,         0,         0,         0,         0,         0,         0,         0,         0,         0,         0,         0
2020/12/21,   15:1:30,  4.117500,    0,       0.000000,       0.000000,         9,         3,         0,         0,         0,         0,         0,         0,         0,         0,         0,         0
2020/12/21,   15:1:40,  4.117500,    0,       0.000000,       0.000000,         9,         0,         0,         0,         0,         0,         0,         0,         0,         0,         0,         0
2020/12/21,    15:2:0,  4.117500,    0,       0.000000,       0.000000,         9,         3,         0,         0,         0,         0,         0,         0,         0,         0,         0,         0
2020/12/21,   15:2:10,  4.117500,    0,       0.000000,       0.000000,         9,         3,         0,         0,         0,         0,         0,         0,         0,         0,         0,         0
2020/12/21,   15:2:38,  4.117500,    0,       0.000000,       0.000000,        30,        10,         0,         0,         0,         0,         0,         0,         0,         0,         0,         0
2020/12/21,   15:2:55,  4.117500,    0,       0.000000,       0.000000,         0,         0,         0,         0,         0,         0,         0,         0,         0,         0,         0,         0
2020/12/21,   15:3:12,  4.117500,    0,       0.000000,       0.000000,        18,         6,         0,         0,         0,         0,         0,         0,         0,         0,         0,         0
2020/12/21,   15:3:22,  4.117500,    0,       0.000000,       0.000000,        18,         6,         3,         0,         0,         0,         0,         0,         0,         0,         0,         0
2020/12/21,   15:3:42,  4.117500,    0,       0.000000,       0.000000,         0,         0,         0,         0,         0,         0,         0,         0,         0,         0,         0,         0
2020/12/21,   15:3:52,  4.117500,    0,       0.000000,       0.000000,        51,        17,         0,         0,         0,         0,         0,         0,         0,         0,         0,         0
2020/12/21,   15:4:12,  4.118750,    0,       0.000000,       0.000000,         0,         0,         0,         0,         0,         0,         0,         0,         0,         0,         0,         0
2020/12/21,   15:4:22,  4.118750,    0,       0.000000,       0.000000,        33,         7,         0,         0,         0,         0,         0,         0,         0,         0,         0,         0
2020/12/21,  15:22:47,  3.973750,    0,       0.000000,       0.000000,       207,        57,         0,         0,         0,         0,         0,         0,         0,         0,         0,         0
2020/12/21,  15:22:57,  3.971250,    0,       0.000000,       0.000000,       267,        73,         0,         0,         0,         0,         0,         0,         0,         0,         0,         0
2020/12/21,   15:23:7,  3.971250,    0,       0.000000,       0.000000,       576,       173,        10,         3,         0,         0,         2,         2,         2,         2,         2,         2
2020/12/21,  15:23:25,  3.970000,    0,       0.000000,       0.000000,       684,       200,         0,         0,         0,         0,         2,         2,         2,         2,         2,         2
2020/12/21,  15:23:35,  3.966250,    0,       0.000000,       0.000000,        57,        19,         7,         0,         0,         0,         0,         0,         0,         0,         0,         0
2020/12/21,  15:23:54,  3.965000,    0,       0.000000,       0.000000,       270,        44,         0,         0,         0,         0,         0,         0,         0,         0,         0,         0
2020/12/21,   15:24:4,  3.961250,    0,       0.000000,       0.000000,       129,        21,         0,         0,         0,         0,         0,         0,         0,         0,         0,         0
2020/12/21,  15:24:24,  3.958750,    0,       0.000000,       0.000000,       183,        57,         0,         0,         0,         0,         0,         0,         0,         0,         0,         0
2020/12/21,  15:24:37,  3.958750,    0,       0.000000,       0.000000,        30,        10,         0,         0,         0,         0,         0,         0,         0,         0,         0,         0
2020/12/21,  15:24:57,  3.957500,    0,       0.000000,       0.000000,         9,         3,         0,         0,         0,         0,         0,         0,         0,         0,         0,         0
2020/12/21,   15:25:7,  3.970000,    0,       0.000000,       0.000000,         9,         3,         0,         0,         0,         0,         0,         0,         0,         0,         0,         0
2020/12/21,  15:25:25,  3.968750,    0,       0.000000,       0.000000,         9,         3,         0,         0,         0,         0,         0,         0,         0,         0,         0,         0
2020/12/21,  15:25:35,  3.962500,    0,       0.000000,       0.000000,         9,         3,         0,         0,         0,         0,         0,         0,         0,         0,         0,         0
2020/12/21,  15:25:55,  3.970000,    0,       0.000000,       0.000000,        21,         7,         0,         0,         0,         0,         0,         0,         0,         0,         0,         0
2020/12/21,   15:26:5,  3.956250,    0,       0.000000,       0.000000,        21,         7,         0,         0,         0,         0,         0,         0,         0,         0,         0,         0
2020/12/21,  15:26:25,  3.966250,    0,       0.000000,       0.000000,        21,         7,         3,         0,         0,         0,         0,         0,         0,         0,         0,         0
2020/12/21,  15:26:35,  3.957500,    0,       0.000000,       0.000000,         0,         0,         0,         0,         0,         0,         0,         0,         0,         0,         0,         0
2020/12/21,  17:10:31,  3.963750,    0,       0.000000,       0.000000,      1422,       361,         0,         0,         0,         0,         5,         5,         5,         5,         5,         5
2020/12/21,  17:10:41,  3.966250,    0,       0.000000,       0.000000,      1347,       332,         3,         3,         0,         0,         4,         4,         5,         4,         4,         5
2020/12/21,   17:11:8,  3.963750,    0,       0.000000,       0.000000,       147,        49,        15,         0,         0,         0,         0,         1,         1,         0,         1,         1
2020/12/21,  17:11:18,  3.961250,    0,       0.000000,       0.000000,        30,        10,         0,         0,         0,         0,         0,         0,         0,         0,         0,         0
2020/12/21,  17:11:38,  3.961250,    0,       0.000000,       0.000000,         0,         0,         0,         0,         0,         0,         0,         0,         0,         0,         0,         0
2020/12/21,  17:11:48,  3.953750,    0,       0.000000,       0.000000,       168,        37,         0,         0,         0,         0,         0,         0,         0,         0,         0,         0
2020/12/21,   17:12:8,  3.965000,    0,       0.000000,       0.000000,       330,        75,         0,         0,         0,         0,         0,         0,         0,         0,         0,         0
2020/12/21,  17:12:29,  3.951250,    0,       0.000000,       0.000000,        39,        10,         0,         0,         0,         0,         0,         0,         0,         0,         0,         0
2020/12/21,  17:12:45,  3.950000,    0,       0.000000,       0.000000,         9,         3,         0,         0,         0,         0,         0,         0,         0,         0,         0,         0
2020/12/21,  17:12:55,  3.948750,    0,       0.000000,       0.000000,        30,        10,         0,         0,         0,         0,         0,         0,         0,         0,         0,         0
2020/12/21,  17:13:15,  3.951250,    0,       0.000000,       0.000000,        18,         6,         0,         0,         0,         0,         0,         0,         0,         0,         0,         0
2020/12/21,  17:13:25,  3.953750,    0,       0.000000,       0.000000,         0,         0,         0,         0,         0,         0,         0,         0,         0,         0,         0,         0
2020/12/21,  17:13:45,  3.961250,    0,       0.000000,       0.000000,         9,         3,         0,         0,         0,         0,         0,         0,         0,         0,         0,         0
2020/12/21,  17:13:55,  3.951250,    0,       0.000000,       0.000000,         9,         3,         3,         0,         0,         0,         0,         0,         0,         0,         0,         0
2020/12/21,  17:14:15,  3.958750,    0,       0.000000,       0.000000,         9,         3,         0,         0,         0,         0,         0,         0,         0,         0,         0,         0
2020/12/21,  17:14:25,  3.958750,    0,       0.000000,       0.000000,         0,         0,         0,         0,         0,         0,         0,         0,         0,         0,         0,         0
2020/12/21,  17:14:45,  3.951250,    0,       0.000000,       0.000000,         0,         0,         0,         0,         0,         0,         0,         0,         0,         0,         0,         0
2020/12/21,  17:14:55,  3.961250,    0,       0.000000,       0.000000,         9,         3,         0,         0,         0,         0,         0,         0,         0,         0,         0,         0
2020/12/21,  17:15:15,  3.958750,    0,       0.000000,       0.000000,        18,         6,         0,         0,         0,         0,         0,         0,         0,         0,         0,         0
2020/12/21,  17:15:25,  3.958750,    0,       0.000000,       0.000000,        21,         7,         0,         0,         0,         0,         0,         0,         0,         0,         0,         0
2020/12/21,  17:15:45,  3.957500,    0,       0.000000,       0.000000,         9,         3,         3,         3,         0,         0,         0,         0,         0,         0,         0,         0
2020/12/21,  17:15:55,  3.958750,    0,       0.000000,       0.000000,         0,         0,         0,         0,         0,         0,         0,         0,         0,         0,         0,         0
2020/12/21,  17:16:15,  3.961250,    0,       0.000000,       0.000000,         0,         0,         0,         0,         0,         0,         0,         0,         0,         0,         0,         0
2020/12/21,  17:16:25,  3.961250,    0,       0.000000,       0.000000,         0,         0,         0,         0,         0,         0,         0,         0,         0,         0,         0,         0
2020/12/21,  17:16:45,  3.961250,    0,       0.000000,       0.000000,        30,        10,         0,         0,         0,         0,         0,         0,         0,         0,         0,         0
2020/12/21,  17:16:55,  3.961250,    0,       0.000000,       0.000000,        21,         7,         0,         0,         0,         0,         0,         0,         0,         0,         0,         0
2020/12/21,  17:17:15,  3.956250,    0,       0.000000,       0.000000,        39,        13,         0,         0,         0,         0,         0,         0,         0,         0,         0,         0
2020/12/21,  17:17:25,  3.956250,    0,       0.000000,       0.000000,        75,        21,         0,         0,         0,         0,         0,         0,         0,         0,         0,         0
2020/12/21,  17:17:45,  3.948750,    0,       0.000000,       0.000000,         9,         3,         0,         0,         0,         0,         0,         0,         0,         0,         0,         0
2020/12/21,  17:17:55,  3.951250,    0,       0.000000,       0.000000,         9,         3,         0,         0,         0,         0,         0,         0,         0,         0,         0,         0
2020/12/21,  17:18:15,  3.961250,    0,       0.000000,       0.000000,         9,         3,         0,         0,         0,         0,         0,         0,         0,         0,         0,         0
2020/12/21,  17:18:25,  3.958750,    0,       0.000000,       0.000000,         9,         3,         3,         3,         0,         0,         0,         0,         0,         0,         0,         0
2020/12/21,  17:19:33,  3.958750,    0,       0.000000,       0.000000,         9,         3,         0,         0,         0,         0,         0,         0,         0,         0,         0,         0
2020/12/21,  17:19:43,  3.958750,    0,       0.000000,       0.000000,         0,         0,         0,         0,         0,         0,         0,         0,         0,         0,         0,         0
2020/12/21,  17:20:10,  3.958750,    0,       0.000000,       0.000000,        18,         6,         0,         0,         0,         0,         0,         0,         0,         0,         0,         0
2020/12/21,  17:20:20,  3.958750,    0,       0.000000,       0.000000,         9,         3,         0,         0,         0,         0,         0,         0,         0,         0,         0,         0
2020/12/21,  17:20:40,  3.953750,    0,       0.000000,       0.000000,         0,         0,         0,         0,         0,         0,         0,         0,         0,         0,         0,         0
2020/12/21,  17:20:50,  3.955000,    0,       0.000000,       0.000000,         0,         0,         0,         0,         0,         0,         0,         0,         0,         0,         0,         0
