BAC-12
      Date,      Time,   Battery,  Fix,       Latitude,      Longitude,    Dp>0.3,    Dp>0.5,    Dp>1.0,    Dp>2.5,    Dp>5.0,   Dp>10.0,   PM1_Std, PM2.5_Std,  PM10_Std,   PM1_Env, PM2.5_Env,  PM10_Env,   Temp(C),     RH(%),    P(hPa),   Alti(m),   dBA
 2020/12/3,  19:23:56,  3.813750,    0,              0,              0,       912,       298,        61,         3,         3,         0,         4,         7,         9,         4,         7,         9,       nan,  nan,  nan,  nan,   52
 2020/12/3,  19:24:26,  3.813750,    0,              0,              0,      1029,       332,        22,         0,         0,         0,         5,         6,         6,         5,         6,         6,       nan,  nan,  nan,  nan,   51
 2020/12/3,  19:24:56,  3.812500,    0,              0,              0,       999,       326,        25,         3,         3,         0,         6,         7,         9,         6,         7,         9,       nan,  nan,  nan,  nan,   51
 2020/12/3,  19:25:26,  3.806250,    0,              0,              0,       873,       274,        29,         3,         3,         3,         5,         7,        10,         5,         7,        10,       nan,  nan,  nan,  nan,   52
 2020/12/3,  19:25:56,  3.808750,    0,              0,              0,      1296,       412,        66,         0,         0,         0,         7,        11,        11,         7,        11,        11,       nan,  nan,  nan,  nan,   64
 2020/12/3,  19:26:26,  3.808750,    0,              0,              0,       954,       300,        22,         3,         3,         0,         6,         7,         9,         6,         7,         9,       nan,  nan,  nan,  nan,   51
 2020/12/3,  19:26:56,  3.803750,    0,              0,              0,       945,       298,        21,         0,         0,         0,         5,         6,         6,         5,         6,         6,       nan,  nan,  nan,  nan,   52
 2020/12/3,  19:27:26,  3.806250,    0,              0,              0,      1134,       374,        34,         3,         3,         3,         7,         8,        10,         7,         8,        10,       nan,  nan,  nan,  nan,   51
 2020/12/3,  19:27:56,  3.808750,    0,              0,              0,       966,       312,        25,         0,         0,         0,         6,         6,         6,         6,         6,         6,       nan,  nan,  nan,  nan,   53
 2020/12/3,  19:28:26,  3.806250,    0,              0,              0,      1005,       324,        15,         0,         0,         0,         6,         6,         6,         6,         6,         6,       nan,  nan,  nan,  nan,   52
 2020/12/3,  19:28:56,  3.812500,    0,              0,              0,       996,       322,        25,         0,         0,         0,         7,         8,         8,         7,         8,         8,       nan,  nan,  nan,  nan,   51
 2020/12/3,  19:29:26,  3.806250,    0,              0,              0,      1137,       352,        38,         0,         0,         0,         7,         9,         9,         7,         9,         9,       nan,  nan,  nan,  nan,   52
 2020/12/3,  19:29:58,  3.798750,    0,              0,              0,      1155,       371,        26,         3,         3,         3,         8,         9,        12,         8,         9,        12,       nan,  nan,  nan,  nan,   51
 2020/12/3,  19:30:30,  3.812500,    0,              0,              0,       945,       297,        48,         0,         0,         0,         6,         7,         7,         6,         7,         7,       nan,  nan,  nan,  nan,   51
 2020/12/3,  19:33:29,  3.808750,    0,              0,              0,      1179,       383,        37,         9,         6,         3,         8,        10,        15,         8,        10,        15,       nan,  nan,  nan,  nan,   52
 2020/12/3,  19:33:59,  3.808750,    0,              0,              0,      1185,       378,        38,         0,         0,         0,         7,         9,         9,         7,         9,         9,       nan,  nan,  nan,  nan,   52
 2020/12/3,  19:34:29,  3.810000,    0,              0,              0,      1152,       378,        24,         0,         0,         0,         8,         9,         9,         8,         9,         9,       nan,  nan,  nan,  nan,   51
 2020/12/3,  19:34:59,  3.803750,    0,              0,              0,      1056,       338,        19,         0,         0,         0,         6,         6,         6,         6,         6,         6,       nan,  nan,  nan,  nan,   51
 2020/12/3,  19:35:29,  3.806250,    0,              0,              0,      1131,       364,        51,         0,         0,         0,         9,        10,        10,         9,        10,        10,       nan,  nan,  nan,  nan,   51
 2020/12/3,  19:35:59,  3.808750,    0,              0,              0,      1029,       336,        37,         3,         0,         0,         7,         8,         9,         7,         8,         9,       nan,  nan,  nan,  nan,   52
 2020/12/3,  19:36:29,  3.808750,    0,              0,              0,       756,       234,        25,         0,         0,         0,         3,         4,         4,         3,         4,         4,       nan,  nan,  nan,  nan,   82
 2020/12/3,  19:36:59,  3.803750,    0,              0,              0,      1035,       335,        48,         0,         0,         0,         7,         9,         9,         7,         9,         9,       nan,  nan,  nan,  nan,   53
 2020/12/3,  19:37:29,  3.808750,    0,              0,              0,       891,       294,        26,         0,         0,         0,         5,         6,         6,         5,         6,         6,       nan,  nan,  nan,  nan,   52
 2020/12/3,  19:37:59,  3.808750,    0,              0,              0,      1122,       352,        31,         0,         0,         0,         7,         7,         7,         7,         7,         7,       nan,  nan,  nan,  nan,   52
 2020/12/3,  19:38:29,  3.806250,    0,              0,              0,       912,       286,        25,         0,         0,         0,         5,         6,         6,         5,         6,         6,       nan,  nan,  nan,  nan,   52
 2020/12/3,  19:38:59,  3.806250,    0,              0,              0,       936,       297,        19,         0,         0,         0,         6,         7,         7,         6,         7,         7,       nan,  nan,  nan,  nan,   52
 2020/12/3,  19:39:29,  3.806250,    0,              0,              0,      1032,       340,        28,         3,         0,         0,         7,         7,         9,         7,         7,         9,       nan,  nan,  nan,  nan,   54
 2020/12/3,  19:39:59,  3.803750,    0,              0,              0,      1092,       351,        44,         6,         3,         3,         6,         9,        12,         6,         9,        12,       nan,  nan,  nan,  nan,   52
2020/12/21,   23:3:44,  3.791250,    0,              0,              0,         9,         3,         0,         0,         0,         0,         0,         0,         0,         0,         0,         0,       nan,  nan,  nan,  nan,   51
2020/12/21,   23:4:14,  3.798750,    0,              0,              0,        27,         9,         0,         0,         0,         0,         0,         0,         0,         0,         0,         0,       nan,  nan,  nan,  nan,   52
2020/12/21,   23:4:44,  3.800000,    0,              0,              0,         9,         3,         0,         0,         0,         0,         0,         0,         0,         0,         0,         0,       nan,  nan,  nan,  nan,   51
2020/12/21,   23:5:14,  3.791250,    0,              0,              0,         0,         0,         0,         0,         0,         0,         0,         0,         0,         0,         0,         0,       nan,  nan,  nan,  nan,   51
2020/12/21,   23:5:44,  3.785000,    0,              0,              0,        18,         6,         0,         0,         0,         0,         0,         0,         0,         0,         0,         0,       nan,  nan,  nan,  nan,   51
2020/12/21,   23:6:14,  3.787500,    0,              0,              0,         9,         3,         0,         0,         0,         0,         0,         0,         0,         0,         0,         0,       nan,  nan,  nan,  nan,   52
2020/12/21,   23:6:44,  3.788750,    0,              0,              0,        27,         9,         0,         0,         0,         0,         0,         0,         0,         0,         0,         0,       nan,  nan,  nan,  nan,   51
2020/12/21,   23:7:14,  3.788750,    0,              0,              0,         0,         0,         0,         0,         0,         0,         0,         0,         0,         0,         0,         0,       nan,  nan,  nan,  nan,   53
2020/12/21,   23:7:44,  3.783750,    0,              0,              0,        30,         6,         0,         0,         0,         0,         0,         0,         0,         0,         0,         0,       nan,  nan,  nan,  nan,   51
2020/12/21,   23:8:14,  3.786250,    0,              0,              0,         9,         3,         3,         0,         0,         0,         0,         0,         0,         0,         0,         0,       nan,  nan,  nan,  nan,   51
2020/12/21,   23:8:44,  3.786250,    0,              0,              0,         9,         3,         0,         0,         0,         0,         0,         0,         0,         0,         0,         0,       nan,  nan,  nan,  nan,   51
2020/12/21,   23:9:14,  3.786250,    0,              0,              0,         0,         0,         0,         0,         0,         0,         0,         0,         0,         0,         0,         0,       nan,  nan,  nan,  nan,   50
2020/12/21,   23:9:44,  3.782500,    0,              0,              0,        18,         6,         0,         0,         0,         0,         0,         0,         0,         0,         0,         0,       nan,  nan,  nan,  nan,   52
2020/12/21,  23:10:14,  3.791250,    0,              0,              0,        27,         9,         3,         0,         0,         0,         0,         0,         0,         0,         0,         0,       nan,  nan,  nan,  nan,   51
2020/12/21,  23:10:44,  3.785000,    0,              0,              0,         0,         0,         0,         0,         0,         0,         0,         0,         0,         0,         0,         0,       nan,  nan,  nan,  nan,   53
2020/12/21,  23:11:14,  3.783750,    0,              0,              0,         9,         3,         0,         0,         0,         0,         0,         0,         0,         0,         0,         0,       nan,  nan,  nan,  nan,   52
2020/12/21,  23:11:44,  3.776250,    0,              0,              0,        18,         3,         0,         0,         0,         0,         0,         0,         0,         0,         0,         0,       nan,  nan,  nan,  nan,   50
2020/12/21,  23:12:14,  3.786250,    0,              0,              0,        18,         6,         0,         0,         0,         0,         0,         0,         0,         0,         0,         0,       nan,  nan,  nan,  nan,   50
2020/12/21,  23:12:44,  3.780000,    0,              0,              0,         9,         3,         0,         0,         0,         0,         0,         0,         0,         0,         0,         0,       nan,  nan,  nan,  nan,   52
2020/12/21,  23:13:14,  3.782500,    0,              0,              0,         9,         3,         0,         0,         0,         0,         0,         0,         0,         0,         0,         0,       nan,  nan,  nan,  nan,   51
2020/12/21,  23:13:44,  3.788750,    0,              0,              0,         9,         3,         0,         0,         0,         0,         0,         0,         0,         0,         0,         0,       nan,  nan,  nan,  nan,   51
2020/12/21,  23:14:14,  3.785000,    0,              0,              0,         9,         3,         0,         0,         0,         0,         0,         0,         0,         0,         0,         0,       nan,  nan,  nan,  nan,   51
2020/12/21,  23:14:44,  3.781250,    0,              0,              0,         0,         0,         0,         0,         0,         0,         0,         0,         0,         0,         0,         0,       nan,  nan,  nan,  nan,   52
2020/12/21,  23:15:14,  3.788750,    0,              0,              0,        18,         6,         0,         0,         0,         0,         0,         0,         0,         0,         0,         0,       nan,  nan,  nan,  nan,   52
2020/12/21,  23:15:44,  3.783750,    0,              0,              0,         0,         0,         0,         0,         0,         0,         0,         0,         0,         0,         0,         0,       nan,  nan,  nan,  nan,   52
2020/12/21,  23:16:14,  3.775000,    0,              0,              0,         9,         3,         0,         0,         0,         0,         0,         0,         0,         0,         0,         0,       nan,  nan,  nan,  nan,   51
2020/12/21,  23:16:44,  3.781250,    0,              0,              0,         0,         0,         0,         0,         0,         0,         0,         0,         0,         0,         0,         0,       nan,  nan,  nan,  nan,   51
2020/12/21,  23:17:14,  3.786250,    0,              0,              0,         9,         3,         3,         3,         3,         3,         0,         0,         2,         0,         0,         2,       nan,  nan,  nan,  nan,   52
2020/12/21,  23:17:44,  3.771250,    0,              0,              0,        36,        12,         0,         0,         0,         0,         0,         0,         0,         0,         0,         0,       nan,  nan,  nan,  nan,   51
2020/12/21,  23:18:14,  3.782500,    0,              0,              0,         0,         0,         0,         0,         0,         0,         0,         0,         0,         0,         0,         0,       nan,  nan,  nan,  nan,   52
2020/12/21,  23:18:44,  3.777500,    0,              0,              0,        18,         6,         0,         0,         0,         0,         0,         0,         0,         0,         0,         0,       nan,  nan,  nan,  nan,   53
2020/12/21,  23:19:14,  3.773750,    0,              0,              0,         0,         0,         0,         0,         0,         0,         0,         0,         0,         0,         0,         0,       nan,  nan,  nan,  nan,   51
2020/12/21,  23:19:44,  3.772500,    0,              0,              0,         9,         3,         0,         0,         0,         0,         0,         0,         0,         0,         0,         0,       nan,  nan,  nan,  nan,   51
2020/12/21,  23:20:14,  3.775000,    0,              0,              0,       156,        48,         0,         0,         0,         0,         1,         1,         1,         1,         1,         1,       nan,  nan,  nan,  nan,   52
2020/12/21,  23:20:44,  3.772500,    0,              0,              0,         0,         0,         0,         0,         0,         0,         0,         0,         0,         0,         0,         0,       nan,  nan,  nan,  nan,   52
2020/12/21,  23:21:14,  3.780000,    0,              0,              0,         0,         0,         0,         0,         0,         0,         0,         0,         0,         0,         0,         0,       nan,  nan,  nan,  nan,   53
2020/12/21,  23:21:44,  3.777500,    0,              0,              0,        36,        12,         6,         6,         3,         0,         0,         0,         2,         0,         0,         2,       nan,  nan,  nan,  nan,   51
2020/12/21,  23:22:14,  3.771250,    0,              0,              0,        18,         6,         0,         0,         0,         0,         0,         0,         0,         0,         0,         0,       nan,  nan,  nan,  nan,   53
2020/12/21,  23:22:44,  3.778750,    0,              0,              0,        36,        12,         3,         0,         0,         0,         0,         0,         0,         0,         0,         0,       nan,  nan,  nan,  nan,   52
2020/12/21,  23:23:14,  3.771250,    0,              0,              0,        36,        12,         0,         0,         0,         0,         0,         0,         0,         0,         0,         0,       nan,  nan,  nan,  nan,   57
2020/12/21,  23:23:44,  3.763750,    0,              0,              0,         9,         3,         0,         0,         0,         0,         0,         0,         0,         0,         0,         0,       nan,  nan,  nan,  nan,   50
2020/12/21,  23:24:14,  3.768750,    0,              0,              0,       114,        38,         0,         0,         0,         0,         0,         0,         0,         0,         0,         0,       nan,  nan,  nan,  nan,   59
2020/12/21,  23:24:44,  3.923750,    0,              0,              0,        18,         6,         0,         0,         0,         0,         0,         0,         0,         0,         0,         0,       nan,  nan,  nan,  nan,   51
2020/12/21,  23:45:45,  3.933750,    0,              0,              0,         9,         3,         0,         0,         0,         0,         0,         0,         0,         0,         0,         0,       nan,  nan,  nan,  nan,   53
2020/12/22,  20:41:30,  3.915000,    0,              0,              0,        18,         6,         0,         0,         0,         0,         0,         0,         0,         0,         0,         0,       nan,  nan,  nan,  nan,   70
2020/12/22,   20:42:0,  3.910000,    0,              0,              0,        27,         9,         0,         0,         0,         0,         0,         0,         0,         0,         0,         0,       nan,  nan,  nan,  nan,   61
2020/12/22,   20:43:0,  3.911250,    0,              0,              0,        27,         9,         0,         0,         0,         0,         0,         0,         0,         0,         0,         0,       nan,  nan,  nan,  nan,   73
2020/12/22,  20:43:30,  3.911250,    0,              0,              0,         0,         0,         0,         0,         0,         0,         0,         0,         0,         0,         0,         0,       nan,  nan,  nan,  nan,   58
2020/12/22,   20:44:0,  3.908750,    0,              0,              0,         0,         0,         0,         0,         0,         0,         0,         0,         0,         0,         0,         0,       nan,  nan,  nan,  nan,   55
2020/12/22,  20:44:30,  3.906250,    0,              0,              0,         0,         0,         0,         0,         0,         0,         0,         0,         0,         0,         0,         0,       nan,  nan,  nan,  nan,   74
2020/12/22,   20:45:0,  3.910000,    0,              0,              0,         0,         0,         0,         0,         0,         0,         0,         0,         0,         0,         0,         0,       nan,  nan,  nan,  nan,   60
2020/12/22,  20:45:30,  3.908750,    0,              0,              0,         9,         3,         0,         0,         0,         0,         0,         0,         0,         0,         0,         0,       nan,  nan,  nan,  nan,   60
2020/12/22,   20:46:0,  3.903750,    0,              0,              0,         0,         0,         0,         0,         0,         0,         0,         0,         0,         0,         0,         0,       nan,  nan,  nan,  nan,   72
2020/12/22,  20:46:30,  3.903750,    0,              0,              0,         0,         0,         0,         0,         0,         0,         0,         0,         0,         0,         0,         0,       nan,  nan,  nan,  nan,   68
2020/12/22,   20:47:0,  3.906250,    0,              0,              0,         0,         0,         0,         0,         0,         0,         0,         0,         0,         0,         0,         0,       nan,  nan,  nan,  nan,   54
2020/12/22,  20:47:30,  3.906250,    0,              0,              0,        18,         6,         0,         0,         0,         0,         0,         0,         0,         0,         0,         0,       nan,  nan,  nan,  nan,   78
2020/12/22,   20:48:0,  3.903750,    0,              0,              0,         0,         0,         0,         0,         0,         0,         0,         0,         0,         0,         0,         0,       nan,  nan,  nan,  nan,   56
2020/12/22,  20:48:30,  3.901250,    0,              0,              0,        30,        10,         0,         0,         0,         0,         0,         0,         0,         0,         0,         0,       nan,  nan,  nan,  nan,   67
2020/12/22,   20:49:0,  3.903750,    0,              0,              0,         0,         0,         0,         0,         0,         0,         0,         0,         0,         0,         0,         0,       nan,  nan,  nan,  nan,   65
2020/12/22,  20:49:30,  3.903750,    0,              0,              0,         0,         0,         0,         0,         0,         0,         0,         0,         0,         0,         0,         0,       nan,  nan,  nan,  nan,   81
2020/12/22,   20:50:0,  3.898750,    0,              0,              0,         0,         0,         0,         0,         0,         0,         0,         0,         0,         0,         0,         0,       nan,  nan,  nan,  nan,   59
2020/12/22,  20:50:30,  3.898750,    0,              0,              0,         0,         0,         0,         0,         0,         0,         0,         0,         0,         0,         0,         0,       nan,  nan,  nan,  nan,   69
2020/12/22,   20:51:0,  3.901250,    0,              0,              0,         0,         0,         0,         0,         0,         0,         0,         0,         0,         0,         0,         0,       nan,  nan,  nan,  nan,   66
2020/12/22,  20:51:30,  3.901250,    0,              0,              0,         0,         0,         0,         0,         0,         0,         0,         0,         0,         0,         0,         0,       nan,  nan,  nan,  nan,   59
2020/12/22,   20:52:0,  3.898750,    0,              0,              0,         0,         0,         0,         0,         0,         0,         0,         0,         0,         0,         0,         0,       nan,  nan,  nan,  nan,   65
2020/12/22,  20:52:29,  3.896250,    0,              0,              0,         9,         3,         0,         0,         0,         0,         0,         0,         0,         0,         0,         0,       nan,  nan,  nan,  nan,   64
2020/12/22,  20:52:59,  3.898750,    0,              0,              0,         9,         3,         3,         0,         0,         0,         0,         0,         0,         0,         0,         0,       nan,  nan,  nan,  nan,   54
2020/12/22,  20:53:29,  3.898750,    0,              0,              0,         9,         3,         0,         0,         0,         0,         0,         0,         0,         0,         0,         0,       nan,  nan,  nan,  nan,   81
2020/12/22,  20:53:59,  3.893750,    0,              0,              0,         0,         0,         0,         0,         0,         0,         0,         0,         0,         0,         0,         0,       nan,  nan,  nan,  nan,   60
2020/12/22,  20:54:29,  3.893750,    0,              0,              0,         9,         3,         3,         3,         3,         3,         0,         0,         2,         0,         0,         2,       nan,  nan,  nan,  nan,   60
2020/12/22,  20:54:59,  3.895000,    0,              0,              0,         0,         0,         0,         0,         0,         0,         0,         0,         0,         0,         0,         0,       nan,  nan,  nan,  nan,   56
2020/12/22,  20:55:29,  3.896250,    0,              0,              0,        36,        12,         0,         0,         0,         0,         0,         0,         0,         0,         0,         0,       nan,  nan,  nan,  nan,   58
2020/12/22,  20:55:59,  3.893750,    0,              0,              0,         9,         3,         0,         0,         0,         0,         0,         0,         0,         0,         0,         0,       nan,  nan,  nan,  nan,   58
2020/12/22,  20:56:29,  3.891250,    0,              0,              0,        18,         6,         3,         3,         3,         3,         0,         0,         2,         0,         0,         2,       nan,  nan,  nan,  nan,   63
2020/12/22,  20:56:59,  3.893750,    0,              0,              0,         0,         0,         0,         0,         0,         0,         0,         0,         0,         0,         0,         0,       nan,  nan,  nan,  nan,   64
2020/12/22,  20:57:29,  3.892500,    0,              0,              0,         0,         0,         0,         0,         0,         0,         0,         0,         0,         0,         0,         0,       nan,  nan,  nan,  nan,   59
2020/12/22,  20:57:59,  3.888750,    0,              0,              0,         0,         0,         0,         0,         0,         0,         0,         0,         0,         0,         0,         0,       nan,  nan,  nan,  nan,   64
2020/12/22,  20:58:29,  3.886250,    0,              0,              0,         0,         0,         0,         0,         0,         0,         0,         0,         0,         0,         0,         0,       nan,  nan,  nan,  nan,   68
2020/12/22,  20:58:59,  3.888750,    0,              0,              0,         0,         0,         0,         0,         0,         0,         0,         0,         0,         0,         0,         0,       nan,  nan,  nan,  nan,   64
2020/12/22,  20:59:29,  3.888750,    0,              0,              0,         9,         3,         0,         0,         0,         0,         0,         0,         0,         0,         0,         0,       nan,  nan,  nan,  nan,   60
2020/12/22,  20:59:59,  3.888750,    0,              0,              0,         0,         0,         0,         0,         0,         0,         0,         0,         0,         0,         0,         0,       nan,  nan,  nan,  nan,   93
2020/12/22,   21:0:29,  3.885000,    0,              0,              0,         0,         0,         0,         0,         0,         0,         0,         0,         0,         0,         0,         0,       nan,  nan,  nan,  nan,   66
2020/12/22,   21:0:59,  3.886250,    0,              0,              0,         0,         0,         0,         0,         0,         0,         0,         0,         0,         0,         0,         0,       nan,  nan,  nan,  nan,   62
2020/12/22,   21:1:29,  3.886250,    0,              0,              0,         0,         0,         0,         0,         0,         0,         0,         0,         0,         0,         0,         0,       nan,  nan,  nan,  nan,   57
2020/12/22,   21:1:59,  3.881250,    0,              0,              0,         0,         0,         0,         0,         0,         0,         0,         0,         0,         0,         0,         0,       nan,  nan,  nan,  nan,   68
2020/12/22,   21:2:29,  3.880000,    0,              0,              0,        27,         9,         0,         0,         0,         0,         0,         0,         0,         0,         0,         0,       nan,  nan,  nan,  nan,   69
2020/12/22,   21:2:59,  3.881250,    0,              0,              0,         0,         0,         0,         0,         0,         0,         0,         0,         0,         0,         0,         0,       nan,  nan,  nan,  nan,   63
2020/12/22,   21:3:29,  3.883750,    0,              0,              0,         0,         0,         0,         0,         0,         0,         0,         0,         0,         0,         0,         0,       nan,  nan,  nan,  nan,   70
2020/12/22,   21:3:59,  3.881250,    0,              0,              0,         0,         0,         0,         0,         0,         0,         0,         0,         0,         0,         0,         0,       nan,  nan,  nan,  nan,   76
2020/12/22,   21:4:29,  3.878750,    0,              0,              0,         9,         3,         0,         0,         0,         0,         0,         0,         0,         0,         0,         0,       nan,  nan,  nan,  nan,   59
2020/12/23,    0:5:30,  3.715000,    0,              0,              0,       177,        35,         0,         0,         0,         0,         0,         0,         0,         0,         0,         0,       nan,  nan,  nan,  nan,   60
2020/12/23,     0:6:0,  3.716250,    0,              0,              0,       261,        53,         0,         0,         0,         0,         0,         0,         0,         0,         0,         0,       nan,  nan,  nan,  nan,   71
2020/12/23,    0:6:30,  3.716250,    0,              0,              0,       204,        47,         0,         0,         0,         0,         0,         0,         0,         0,         0,         0,       nan,  nan,  nan,  nan,   59
2020/12/23,     0:7:0,  3.713750,    0,              0,              0,        84,        15,         0,         0,         0,         0,         0,         0,         0,         0,         0,         0,       nan,  nan,  nan,  nan,   59
2020/12/23,    0:7:30,  3.711250,    0,              0,              0,       147,        36,         0,         0,         0,         0,         0,         0,         0,         0,         0,         0,       nan,  nan,  nan,  nan,   59
2020/12/23,     0:8:0,  3.712500,    0,              0,              0,       192,        48,         0,         0,         0,         0,         0,         0,         0,         0,         0,         0,       nan,  nan,  nan,  nan,   68
2020/12/23,    0:8:30,  3.715000,    0,              0,              0,       177,        45,         0,         0,         0,         0,         0,         0,         0,         0,         0,         0,       nan,  nan,  nan,  nan,   59
2020/12/23,     0:9:0,  3.713750,    0,              0,              0,       315,        68,         0,         0,         0,         0,         0,         0,         0,         0,         0,         0,       nan,  nan,  nan,  nan,   61
2020/12/23,    0:9:30,  3.711250,    0,              0,              0,       660,       128,         0,         0,         0,         0,         0,         0,         0,         0,         0,         0,       nan,  nan,  nan,  nan,   74
2020/12/23,    0:10:0,  3.713750,    0,              0,              0,      1113,       248,         0,         0,         0,         0,         3,         3,         3,         3,         3,         3,       nan,  nan,  nan,  nan,   62
2020/12/23,   0:10:30,  3.713750,    0,              0,              0,      1839,       451,         0,         0,         0,         0,         7,         7,         7,         7,         7,         7,       nan,  nan,  nan,  nan,   73
